2021/07/16-09:58:15.908200 7f00ec109740 RocksDB version: 5.17.2
2021/07/16-09:58:15.908310 7f00ec109740 Git sha rocksdb_build_git_sha:
2021/07/16-09:58:15.908311 7f00ec109740 Compile date Dec 19 2018
2021/07/16-09:58:15.908314 7f00ec109740 DB SUMMARY
2021/07/16-09:58:15.908377 7f00ec109740 CURRENT file:  CURRENT
2021/07/16-09:58:15.908378 7f00ec109740 IDENTITY file:  IDENTITY
2021/07/16-09:58:15.908380 7f00ec109740 MANIFEST file:  MANIFEST-000005 size: 92 Bytes
2021/07/16-09:58:15.908381 7f00ec109740 SST files in test.log dir, Total Num: 1, files: 000004.sst 
2021/07/16-09:58:15.908381 7f00ec109740 Write Ahead Log file in test.log: 000006.log size: 38 ; 
2021/07/16-09:58:15.908382 7f00ec109740                         Options.error_if_exists: 0
2021/07/16-09:58:15.908383 7f00ec109740                       Options.create_if_missing: 1
2021/07/16-09:58:15.908384 7f00ec109740                         Options.paranoid_checks: 1
2021/07/16-09:58:15.908384 7f00ec109740                                     Options.env: 0x7f00ebb44220
2021/07/16-09:58:15.908385 7f00ec109740                                Options.info_log: 0x1a372a0
2021/07/16-09:58:15.908385 7f00ec109740                Options.max_file_opening_threads: 16
2021/07/16-09:58:15.908386 7f00ec109740                              Options.statistics: (nil)
2021/07/16-09:58:15.908386 7f00ec109740                               Options.use_fsync: 0
2021/07/16-09:58:15.908387 7f00ec109740                       Options.max_log_file_size: 0
2021/07/16-09:58:15.908388 7f00ec109740                  Options.max_manifest_file_size: 1073741824
2021/07/16-09:58:15.908388 7f00ec109740                   Options.log_file_time_to_roll: 0
2021/07/16-09:58:15.908389 7f00ec109740                       Options.keep_log_file_num: 1000
2021/07/16-09:58:15.908389 7f00ec109740                    Options.recycle_log_file_num: 0
2021/07/16-09:58:15.908390 7f00ec109740                         Options.allow_fallocate: 1
2021/07/16-09:58:15.908390 7f00ec109740                        Options.allow_mmap_reads: 0
2021/07/16-09:58:15.908391 7f00ec109740                       Options.allow_mmap_writes: 0
2021/07/16-09:58:15.908391 7f00ec109740                        Options.use_direct_reads: 0
2021/07/16-09:58:15.908392 7f00ec109740                        Options.use_direct_io_for_flush_and_compaction: 0
2021/07/16-09:58:15.908392 7f00ec109740          Options.create_missing_column_families: 0
2021/07/16-09:58:15.908393 7f00ec109740                              Options.db_log_dir: 
2021/07/16-09:58:15.908393 7f00ec109740                                 Options.wal_dir: test.log
2021/07/16-09:58:15.908394 7f00ec109740                Options.table_cache_numshardbits: 6
2021/07/16-09:58:15.908394 7f00ec109740                      Options.max_subcompactions: 1
2021/07/16-09:58:15.908395 7f00ec109740                  Options.max_background_flushes: -1
2021/07/16-09:58:15.908395 7f00ec109740                         Options.WAL_ttl_seconds: 0
2021/07/16-09:58:15.908396 7f00ec109740                       Options.WAL_size_limit_MB: 0
2021/07/16-09:58:15.908397 7f00ec109740             Options.manifest_preallocation_size: 4194304
2021/07/16-09:58:15.908397 7f00ec109740                     Options.is_fd_close_on_exec: 1
2021/07/16-09:58:15.908398 7f00ec109740                   Options.advise_random_on_open: 1
2021/07/16-09:58:15.908398 7f00ec109740                    Options.db_write_buffer_size: 0
2021/07/16-09:58:15.908416 7f00ec109740                    Options.write_buffer_manager: 0x1a3aee0
2021/07/16-09:58:15.908416 7f00ec109740         Options.access_hint_on_compaction_start: 1
2021/07/16-09:58:15.908417 7f00ec109740  Options.new_table_reader_for_compaction_inputs: 0
2021/07/16-09:58:15.908417 7f00ec109740           Options.random_access_max_buffer_size: 1048576
2021/07/16-09:58:15.908418 7f00ec109740                      Options.use_adaptive_mutex: 0
2021/07/16-09:58:15.908418 7f00ec109740                            Options.rate_limiter: (nil)
2021/07/16-09:58:15.908419 7f00ec109740     Options.sst_file_manager.rate_bytes_per_sec: 0
2021/07/16-09:58:15.908419 7f00ec109740                       Options.wal_recovery_mode: 2
2021/07/16-09:58:15.908425 7f00ec109740                  Options.enable_thread_tracking: 0
2021/07/16-09:58:15.908426 7f00ec109740                  Options.enable_pipelined_write: 0
2021/07/16-09:58:15.908426 7f00ec109740         Options.allow_concurrent_memtable_write: 1
2021/07/16-09:58:15.908427 7f00ec109740      Options.enable_write_thread_adaptive_yield: 1
2021/07/16-09:58:15.908427 7f00ec109740             Options.write_thread_max_yield_usec: 100
2021/07/16-09:58:15.908428 7f00ec109740            Options.write_thread_slow_yield_usec: 3
2021/07/16-09:58:15.908428 7f00ec109740                               Options.row_cache: None
2021/07/16-09:58:15.908429 7f00ec109740                              Options.wal_filter: None
2021/07/16-09:58:15.908429 7f00ec109740             Options.avoid_flush_during_recovery: 0
2021/07/16-09:58:15.908430 7f00ec109740             Options.allow_ingest_behind: 0
2021/07/16-09:58:15.908430 7f00ec109740             Options.preserve_deletes: 0
2021/07/16-09:58:15.908431 7f00ec109740             Options.two_write_queues: 0
2021/07/16-09:58:15.908431 7f00ec109740             Options.manual_wal_flush: 0
2021/07/16-09:58:15.908432 7f00ec109740             Options.max_background_jobs: 2
2021/07/16-09:58:15.908432 7f00ec109740             Options.max_background_compactions: -1
2021/07/16-09:58:15.908433 7f00ec109740             Options.avoid_flush_during_shutdown: 0
2021/07/16-09:58:15.908433 7f00ec109740           Options.writable_file_max_buffer_size: 1048576
2021/07/16-09:58:15.908434 7f00ec109740             Options.delayed_write_rate : 16777216
2021/07/16-09:58:15.908434 7f00ec109740             Options.max_total_wal_size: 0
2021/07/16-09:58:15.908435 7f00ec109740             Options.delete_obsolete_files_period_micros: 21600000000
2021/07/16-09:58:15.908435 7f00ec109740                   Options.stats_dump_period_sec: 600
2021/07/16-09:58:15.908436 7f00ec109740                          Options.max_open_files: -1
2021/07/16-09:58:15.908436 7f00ec109740                          Options.bytes_per_sync: 0
2021/07/16-09:58:15.908437 7f00ec109740                      Options.wal_bytes_per_sync: 0
2021/07/16-09:58:15.908437 7f00ec109740       Options.compaction_readahead_size: 0
2021/07/16-09:58:15.908438 7f00ec109740 Compression algorithms supported:
2021/07/16-09:58:15.908438 7f00ec109740 	kZSTDNotFinalCompression supported: 1
2021/07/16-09:58:15.908439 7f00ec109740 	kZSTD supported: 1
2021/07/16-09:58:15.908471 7f00ec109740 	kXpressCompression supported: 0
2021/07/16-09:58:15.908472 7f00ec109740 	kLZ4HCCompression supported: 1
2021/07/16-09:58:15.908472 7f00ec109740 	kLZ4Compression supported: 1
2021/07/16-09:58:15.908473 7f00ec109740 	kBZip2Compression supported: 1
2021/07/16-09:58:15.908474 7f00ec109740 	kZlibCompression supported: 1
2021/07/16-09:58:15.908474 7f00ec109740 	kSnappyCompression supported: 1
2021/07/16-09:58:15.908475 7f00ec109740 Fast CRC32 supported: Not supported on x86
2021/07/16-09:58:15.908603 7f00ec109740 [db/version_set.cc:3406] Recovering from manifest file: MANIFEST-000005
2021/07/16-09:58:15.908663 7f00ec109740 [db/column_family.cc:475] --------------- Options for column family [default]:
2021/07/16-09:58:15.908664 7f00ec109740               Options.comparator: leveldb.BytewiseComparator
2021/07/16-09:58:15.908665 7f00ec109740           Options.merge_operator: None
2021/07/16-09:58:15.908665 7f00ec109740        Options.compaction_filter: None
2021/07/16-09:58:15.908666 7f00ec109740        Options.compaction_filter_factory: None
2021/07/16-09:58:15.908667 7f00ec109740         Options.memtable_factory: SkipListFactory
2021/07/16-09:58:15.908667 7f00ec109740            Options.table_factory: BlockBasedTable
2021/07/16-09:58:15.908701 7f00ec109740            table_factory options:   flush_block_policy_factory: FlushBlockBySizePolicyFactory (0x1a43e00)
  cache_index_and_filter_blocks: 0
  cache_index_and_filter_blocks_with_high_priority: 0
  pin_l0_filter_and_index_blocks_in_cache: 0
  pin_top_level_index_and_filter: 1
  index_type: 0
  hash_index_allow_collision: 1
  checksum: 1
  no_block_cache: 0
  block_cache: 0x1a65010
  block_cache_name: LRUCache
  block_cache_options:
    capacity : 8388608
    num_shard_bits : 4
    strict_capacity_limit : 0
    high_pri_pool_ratio: 0.000
  block_cache_compressed: (nil)
  persistent_cache: (nil)
  block_size: 4096
  block_size_deviation: 10
  block_restart_interval: 16
  index_block_restart_interval: 1
  metadata_block_size: 4096
  partition_filters: 0
  use_delta_encoding: 1
  filter_policy: nullptr
  whole_key_filtering: 1
  verify_compression: 0
  read_amp_bytes_per_bit: 0
  format_version: 2
  enable_index_compression: 1
  block_align: 0
2021/07/16-09:58:15.908707 7f00ec109740        Options.write_buffer_size: 67108864
2021/07/16-09:58:15.908708 7f00ec109740  Options.max_write_buffer_number: 2
2021/07/16-09:58:15.908709 7f00ec109740          Options.compression: Snappy
2021/07/16-09:58:15.908709 7f00ec109740                  Options.bottommost_compression: Disabled
2021/07/16-09:58:15.908710 7f00ec109740       Options.prefix_extractor: nullptr
2021/07/16-09:58:15.908733 7f00ec109740   Options.memtable_insert_with_hint_prefix_extractor: nullptr
2021/07/16-09:58:15.908734 7f00ec109740             Options.num_levels: 7
2021/07/16-09:58:15.908735 7f00ec109740        Options.min_write_buffer_number_to_merge: 1
2021/07/16-09:58:15.908735 7f00ec109740     Options.max_write_buffer_number_to_maintain: 0
2021/07/16-09:58:15.908736 7f00ec109740            Options.bottommost_compression_opts.window_bits: -14
2021/07/16-09:58:15.908736 7f00ec109740                  Options.bottommost_compression_opts.level: 32767
2021/07/16-09:58:15.908737 7f00ec109740               Options.bottommost_compression_opts.strategy: 0
2021/07/16-09:58:15.908737 7f00ec109740         Options.bottommost_compression_opts.max_dict_bytes: 0
2021/07/16-09:58:15.908738 7f00ec109740         Options.bottommost_compression_opts.zstd_max_train_bytes: 0
2021/07/16-09:58:15.908738 7f00ec109740                  Options.bottommost_compression_opts.enabled: false
2021/07/16-09:58:15.908739 7f00ec109740            Options.compression_opts.window_bits: -14
2021/07/16-09:58:15.908739 7f00ec109740                  Options.compression_opts.level: 32767
2021/07/16-09:58:15.908740 7f00ec109740               Options.compression_opts.strategy: 0
2021/07/16-09:58:15.908741 7f00ec109740         Options.compression_opts.max_dict_bytes: 0
2021/07/16-09:58:15.908741 7f00ec109740         Options.compression_opts.zstd_max_train_bytes: 0
2021/07/16-09:58:15.908742 7f00ec109740                  Options.compression_opts.enabled: false
2021/07/16-09:58:15.908742 7f00ec109740      Options.level0_file_num_compaction_trigger: 4
2021/07/16-09:58:15.908743 7f00ec109740          Options.level0_slowdown_writes_trigger: 20
2021/07/16-09:58:15.908743 7f00ec109740              Options.level0_stop_writes_trigger: 36
2021/07/16-09:58:15.908744 7f00ec109740                   Options.target_file_size_base: 67108864
2021/07/16-09:58:15.908744 7f00ec109740             Options.target_file_size_multiplier: 1
2021/07/16-09:58:15.908745 7f00ec109740                Options.max_bytes_for_level_base: 268435456
2021/07/16-09:58:15.908745 7f00ec109740 Options.level_compaction_dynamic_level_bytes: 0
2021/07/16-09:58:15.908746 7f00ec109740          Options.max_bytes_for_level_multiplier: 10.000000
2021/07/16-09:58:15.908747 7f00ec109740 Options.max_bytes_for_level_multiplier_addtl[0]: 1
2021/07/16-09:58:15.908748 7f00ec109740 Options.max_bytes_for_level_multiplier_addtl[1]: 1
2021/07/16-09:58:15.908748 7f00ec109740 Options.max_bytes_for_level_multiplier_addtl[2]: 1
2021/07/16-09:58:15.908749 7f00ec109740 Options.max_bytes_for_level_multiplier_addtl[3]: 1
2021/07/16-09:58:15.908749 7f00ec109740 Options.max_bytes_for_level_multiplier_addtl[4]: 1
2021/07/16-09:58:15.908750 7f00ec109740 Options.max_bytes_for_level_multiplier_addtl[5]: 1
2021/07/16-09:58:15.908750 7f00ec109740 Options.max_bytes_for_level_multiplier_addtl[6]: 1
2021/07/16-09:58:15.908751 7f00ec109740       Options.max_sequential_skip_in_iterations: 8
2021/07/16-09:58:15.908755 7f00ec109740                    Options.max_compaction_bytes: 1677721600
2021/07/16-09:58:15.908773 7f00ec109740                        Options.arena_block_size: 8388608
2021/07/16-09:58:15.908773 7f00ec109740   Options.soft_pending_compaction_bytes_limit: 68719476736
2021/07/16-09:58:15.908774 7f00ec109740   Options.hard_pending_compaction_bytes_limit: 274877906944
2021/07/16-09:58:15.908774 7f00ec109740       Options.rate_limit_delay_max_milliseconds: 100
2021/07/16-09:58:15.908775 7f00ec109740                Options.disable_auto_compactions: 0
2021/07/16-09:58:15.908776 7f00ec109740                        Options.compaction_style: kCompactionStyleLevel
2021/07/16-09:58:15.908777 7f00ec109740                          Options.compaction_pri: kByCompensatedSize
2021/07/16-09:58:15.908777 7f00ec109740 Options.compaction_options_universal.size_ratio: 1
2021/07/16-09:58:15.908778 7f00ec109740 Options.compaction_options_universal.min_merge_width: 2
2021/07/16-09:58:15.908778 7f00ec109740 Options.compaction_options_universal.max_merge_width: 4294967295
2021/07/16-09:58:15.908779 7f00ec109740 Options.compaction_options_universal.max_size_amplification_percent: 200
2021/07/16-09:58:15.908779 7f00ec109740 Options.compaction_options_universal.compression_size_percent: -1
2021/07/16-09:58:15.908780 7f00ec109740 Options.compaction_options_universal.stop_style: kCompactionStopStyleTotalSize
2021/07/16-09:58:15.908780 7f00ec109740 Options.compaction_options_fifo.max_table_files_size: 1073741824
2021/07/16-09:58:15.908798 7f00ec109740 Options.compaction_options_fifo.allow_compaction: 0
2021/07/16-09:58:15.908799 7f00ec109740 Options.compaction_options_fifo.ttl: 0
2021/07/16-09:58:15.908799 7f00ec109740                   Options.table_properties_collectors: 
2021/07/16-09:58:15.908800 7f00ec109740                   Options.inplace_update_support: 0
2021/07/16-09:58:15.908800 7f00ec109740                 Options.inplace_update_num_locks: 10000
2021/07/16-09:58:15.908801 7f00ec109740               Options.memtable_prefix_bloom_size_ratio: 0.000000
2021/07/16-09:58:15.908802 7f00ec109740   Options.memtable_huge_page_size: 0
2021/07/16-09:58:15.908802 7f00ec109740                           Options.bloom_locality: 0
2021/07/16-09:58:15.908803 7f00ec109740                    Options.max_successive_merges: 0
2021/07/16-09:58:15.908803 7f00ec109740                Options.optimize_filters_for_hits: 0
2021/07/16-09:58:15.908804 7f00ec109740                Options.paranoid_file_checks: 0
2021/07/16-09:58:15.908804 7f00ec109740                Options.force_consistency_checks: 0
2021/07/16-09:58:15.908805 7f00ec109740                Options.report_bg_io_stats: 0
2021/07/16-09:58:15.908805 7f00ec109740                               Options.ttl: 0
2021/07/16-09:58:15.909822 7f00ec109740 [db/version_set.cc:3610] Recovered from manifest file:test.log/MANIFEST-000005 succeeded,manifest_file_number is 5, next_file_number is 7, last_sequence is 1, log_number is 0,prev_log_number is 0,max_column_family is 0,min_log_number_to_keep is 0
2021/07/16-09:58:15.909825 7f00ec109740 [db/version_set.cc:3618] Column family [default] (ID 0), log number is 4
2021/07/16-09:58:15.909882 7f00ec109740 EVENT_LOG_v1 {"time_micros": 1626422295909880, "job": 1, "event": "recovery_started", "log_files": [6]}
2021/07/16-09:58:15.909884 7f00ec109740 [db/db_impl_open.cc:561] Recovering log #6 mode 2
2021/07/16-09:58:15.919399 7f00ec109740 EVENT_LOG_v1 {"time_micros": 1626422295919368, "cf_name": "default", "job": 1, "event": "table_file_creation", "file_number": 7, "file_size": 682, "table_properties": {"data_size": 40, "index_size": 27, "filter_size": 0, "raw_key_size": 12, "raw_average_key_size": 12, "raw_value_size": 12, "raw_average_value_size": 12, "num_data_blocks": 1, "num_entries": 1, "filter_policy_name": "", "kDeletedKeys": "0", "kMergeOperands": "0"}}
2021/07/16-09:58:15.919503 7f00ec109740 [db/version_set.cc:2936] Creating manifest 8
2021/07/16-09:58:15.921965 7f00ec109740 EVENT_LOG_v1 {"time_micros": 1626422295921964, "job": 1, "event": "recovery_finished"}
2021/07/16-09:58:15.925463 7f00ec109740 [db/db_impl_open.cc:1287] DB pointer 0x1a76aa0
2021/07/16-09:58:15.930716 7f00ec109740 [db/db_impl.cc:365] Shutdown: canceling all background work
2021/07/16-09:58:15.930914 7f00ec109740 [db/db_impl.cc:521] Shutdown complete
